6631

BEST MODEL: 
***Layer 1***
[5.424870578764558, 2.0640838339181284, -4.324684828898527, 2.6863972712445046, 0.9534648354524606, -2.07541576317487, -2.4985681056819016, 5.387345853397891]
[0.5276613664165654, -4.975907093683086, 0.3961453013818321, -2.913508609455811, 3.979022839998642, 0.9435802561318786, 2.4644320838484877, 4.941210468868105]
[122.15109567736906, 847.388255632522, -2594.4147520377346, 825.775654678332, 232.94080338159725, 0.9435802561318786, 2.4644320838484877, 4.941210468868105]
***Layer 2***
[-5.071486751119678, -1.158542185500338, 0.06796673566267072, 1.6158064595454205, -4.480421354511188, 0.8339926708605843, -3.7959477802504065, 2.0621617138245467, 4.259991472488046, 0.07036265243624376, -1.4002164892539009, 0.11484751670991127, -0.224284973032225, -0.7906056843627027, 8.03474192935309, -0.023115523447200508, -4.342217096187321, -3.812457857900767, 5.336035410514755, -5.133728534169355, -3.7077378695028314, -4.3073469433659985, 0.7957141712006411, -1.8466610008956015, 1.6617876032516534, -1.085505325917155, -4.247395200272354, -0.7608098768626101, -5.153144594857456, 3.4844896804281085, 5.675952407274086, -0.002168988012548853]
[0.416950764203581, 0.062132450842784695, -3.083933940176953, -0.577489062535552]
[-16689.466435339862, -1147.7511814704774, 8317.523155992609, 427.71332613934806]
***Layer 3***
[-3.499616185901665, -0.6394634530343101, -1.4594845287609974, -0.5962112109172226, -5.939382992013547, 4.972143016228171, 0.27643674345341607, 2.542128541060686]
[-1.1672877784115787, 2.120087887899877]
[1.0797964513471563, 5.380194161267091]
Generation 1 is over.

4682

BEST MODEL: 
***Layer 1***
[-1.4579009018740847, -3.842706454998097, 0.6967561010364487, -2.29799055025825, 0.3289034669592933, -2.7925757488476033, -2.3415343681544334, 4.207989674649667]
[-1.4271276929579675, 1.6792446101413598, 4.611044657031122, -0.6341966013967193, 0.4299705839114182, 2.688446008973249, 2.7233683109779108, 1.9311464966516763]
[-571.466380325725, 1.6792446101413598, 4.611044657031122, -0.6341966013967193, 134.95148857026237, -104.7219895040523, -49.37724220278887, 2328.7706091689147]
***Layer 2***
[4.906107314927759, -4.395718869932365, -1.2625994304274317, 1.8150883853206046, 2.0570317875085466, 2.020487546103096, -1.8493726187071653, 4.043840632448527, 2.735840867510414, -2.4702642599408846, -0.559840590201483, 0.08437195896149718, -2.445007032622989, -4.9157623035757645, 2.3174387103801224, 0.8483356516085416, -4.426588989293584, 3.2143765396535646, 0.37882989779267906, 4.523499307349377, 1.740019055899706, -4.468126989096831, -0.5802983288711377, -2.694718381261711, 1.6935794792928083, -3.524153416385667, -1.97255609246199, 1.3241378938665516, -4.153112221394657, -2.0111510585569388, 2.5212988546405968, 1.423702785861506]
[1.9576900147371505, -3.7070945535967343, 3.5482355587134364, 2.5790534233688227]
[-13318.960732234924, -1104.3820417324043, 6798.744354829644, 3114.702854285782]
***Layer 3***
[-3.1951092841321294, 1.9537142123602007, -4.006220342788664, -1.043109845173622, 1.6857982511977831, -2.610479448751092, -3.8801206966761734, 0.764136685893842]
[-1.6191979610274498, 0.6178750075829292]
[4.635420085818923, -4.023675590337447]
Generation 2 is over.

3664

BEST MODEL: 
***Layer 1***
[-10.222747666463297, -0.9620360040972739, 4.909203451348655, 0.581326906760056, 0.8590060506338734, -12.316157478971816, -0.02919359568735072, -1.5002711278268666]
[-0.05562450167713038, 3.3126963987401097, 0.13690856727341805, 0.06838167918593538, 0.059146045275490736, -6.021821842521282E-4, 2.4818014069513046, -2.3069601840049843]
[-5264.770672730275, 3.3126963987401097, 0.13690856727341805, 0.06838167918593538, 244.87587047592942, -2497.192282784997, 1.782544494491419, -42.70600434328393]
***Layer 2***
[-1.7290171934929148, 1.6838601005323517, 0.033607102544727825, -0.8027599604340757, -0.15252249738514595, 0.2480003720338392, -0.03465013606636688, 0.024155514380203448, 1.0236492768720236, -0.11830100620429182, 0.21792411053334532, 0.921680538890033, 0.0026079508372781673, -9.538608678729835, 0.16279215979725045, -11.54705226249025, 12.462374925144331, 1.2415314206325831, -3.4856741979321906, 4.7455834640764705, 1.6639371435564354, -8.431909731708242, 6.169204411876069, -20.35940058056068, 22.128238351747058, -13.69156196676565, 8.407589134261345, 0.015004842365601194, 0.5068313831507453, 8.876131327399488, 9.317875358372852, -0.009800880745766922]
[0.2816689152533241, -0.1945283695891296, 0.47182444182661265, 0.6515927776999196]
[8017.159486087511, 12091.472361894372, -16818.725156608903, 56230.27748557862]
***Layer 3***
[7.521199132444677, -2.21715594876825, -3.452851065816499, -0.7237153439358577, 0.2670960209497589, 0.08305680363483876, 0.22596758762373026, -2.218826761261819]
[-0.6536470534732725, 2.223020540161204]
[2.6761951004308346, -15.268600407906945]
Generation 15 is over.